vModel=400
rType=0
vPosX_0=838.718627
vPosY_0=-1856.395263
vPosZ_0=8.503676
vAngle_0=274.393035
vPosX_1=843.514953
vPosY_1=-1856.026977
vPosZ_1=8.554960
vAngle_1=274.390411
CP_0_PosX=873.196228
CP_0_PosY=-1854.751098
CP_0_PosZ=9.106270
CP_1_PosX=886.219177
CP_1_PosY=-1855.230834
CP_1_PosZ=9.335216
TotalCP=2
BestRacerTime_0=0
BestRacer_0=noone
BestRacerTime_1=0
BestRacer_1=noone
BestRacerTime_2=0
BestRacer_2=noone
BestRacerTime_3=0
BestRacer_3=noone
BestRacerTime_4=0
BestRacer_4=noone
